23.5 0.7 55.34 
25.7 0.7 56.11 
25.9 0.7 56.89 
23.5 0.7 57.6 
23.9 0.7 58.32 
21.9 0.7 58.98 
22.3 0.7 59.65 
24.6 0.7 60.39 
23.7 0.7 61.1 
24.9 0.7 61.85 
24.3 0.7 62.58 
24.2 0.7 63.31 
25.2 0.7 64.07 
25.6 0.7 64.84 
24.5 0.7 65.58 
24.6 0.7 66.32 
24.6 0.7 67.06 
25.9 0.7 67.84 
24.6 0.7 68.58 
25.2 0.7 69.34 
25.8 0.7 70.12 
25.9 0.7 70.9 
25.6 0.7 71.67 
25.6 0.7 72.44 
26.6 0.7 73.24 
25.8 0.7 74.02 
25.9 0.7 74.8 
25.6 0.7 75.57 
24.9 0.7 76.32 
24.9 0.7 77.07 
23.9 0.7 77.79 
24.6 0.7 78.53 
25.9 0.7 79.31 
23.6 0.7 80.02 
25.9 0.7 80.8 
22.9 0.7 81.49 
21.6 0.7 82.14 
22.9 0.7 82.83 
23.6 0.7 83.54 
24.9 0.7 84.29 
22.9 0.7 84.98 
22.9 0.7 85.67 
22.9 0.7 86.36 
24.3 0.7 87.09 
23.2 0.7 87.79 
23.3 0.7 88.49 
24.2 0.7 89.22 
23.3 0.7 89.92 
23.3 0.7 90.62 
22.9 0.7 91.31 
22.6 0.7 91.99 
22.6 0.7 92.67 
22.6 0.7 93.35 
23.5 0.7 94.06 
23.3 0.7 94.76 
23.9 0.7 95.48 
22.9 0.7 96.17 
21.5 0.7 96.82 
20.6 0.7 97.44 
20.3 0.7 98.05 
21.9 0.7 98.71 
22.6 0.7 99.39 
23.3 0.7 100.09 
22.3 0.7 100.76 
21.9 0.7 101.42 
22.6 0.7 102.1 
22.6 0.7 102.78 
23.6 0.7 103.49 
23.9 0.7 104.21 
23.6 0.7 104.92 
23.6 0.7 105.63 
22.8 0.7 106.32 
23.3 0.7 107.02 
23.6 0.7 107.73 
23.5 0.7 108.44 
23.6 0.7 109.15 
23.6 0.7 109.86 
22.6 0.7 110.54 
21.9 0.7 111.2 
22.3 0.7 111.87 
23.6 0.7 112.58 
23.5 0.7 113.29 
23.6 0.7 114.0 
23.6 0.7 114.71 
23.6 0.7 115.42 
22.6 0.7 116.1 
23.2 0.7 116.8 
22.9 0.7 117.49 
23.6 0.7 118.2 
23.3 0.7 118.9 
23.6 0.7 119.61 
23.6 0.7 120.32 
24.2 0.7 121.05 
23.3 0.7 121.75 
22.9 0.7 122.44 
23.3 0.7 123.14 
22.3 0.7 123.81 
23.3 0.7 124.51 
22.3 0.7 125.18 
23.9 0.7 125.9 
24.8 0.7 126.65 
22.6 0.7 127.33 
23.9 0.7 128.05 
22.8 0.7 128.74 
21.9 0.7 129.4 
22.6 0.7 130.08 
22.9 0.7 130.77 
22.9 0.7 131.46 
22.6 0.7 132.14 
22.9 0.7 132.83 
24.3 0.7 133.56 
22.3 0.7 134.23 
22.9 0.7 134.92 
24.9 0.7 135.67 
24.5 0.7 136.41 
22.9 0.7 137.1 
23.3 0.7 137.8 
23.8 0.7 138.52 
23.9 0.7 139.24 
25.2 0.7 140.0 
23.9 0.7 140.72 
23.6 0.7 141.43 
23.2 0.7 142.13 
24.6 0.7 142.87 
24.6 0.7 143.61 
23.6 0.7 144.32 
25.2 0.7 145.08 
23.8 0.7 145.8 
23.6 0.7 146.51 
24.3 0.7 147.24 
23.6 0.7 147.95 
23.6 0.7 148.66 
24.6 0.7 149.4 
24.9 0.7 150.15 
23.8 0.7 150.87 
24.6 0.7 151.61 
23.6 0.7 152.32 
23.6 0.7 153.03 
24.2 0.7 153.76 
24.6 0.7 154.5 
24.3 0.7 155.23 
24.3 0.7 155.96 
23.5 0.7 156.67 
25.3 0.7 157.43 
24.8 0.7 158.18 
24.6 0.7 158.92 
23.8 0.7 159.64 
23.6 0.7 160.35 
20.9 0.7 160.98 
22.6 0.7 161.66 
20.5 0.7 162.28 
21.3 0.7 162.92 
5.6 0.7 163.09 
2.0 0.7 163.15 
2.3 0.7 163.22 
2.0 0.7 163.28 
2.3 0.7 163.35 
2.0 0.7 163.41 
